4294967279,44
4294967279,43
4294967294,61
4294967294,92
4294967294,88
4294967279,42
4294967279,41
4294967279,40
4294967279,37
4294967279,36
4294967279,35
4294967279,34
4294967278,329
4294967294,18
4294967294,20
4294967294,13
4294967294,423
4294967294,51
4294967294,52
4294967294,201
4294967294,1415
4294967294,83
4294967279,33
4294967279,31
4294967279,28
4294967279,24
4294967279,23
4294967279,22
4294967279,21
4294967279,20
4294967279,19
4294967279,18
4294967279,15
4294967279,13
4294967279,12
4294967279,11
4294967278,398
4294967278,132
4294967278,131
4294967278,130
4294967278,129
4294967278,128
4294967278,127
4294967278,126
4294967278,125
4294967278,124
4294967278,123
4294967278,122
4294967278,121
4294967278,120
4294967278,119
4294967278,118
4294967278,117
4294967278,116
4294967278,115
4294967278,114
4294967278,113
4294967278,112
4294967278,111
4294967278,110
4294967278,109
4294967278,108
4294967278,107
4294967278,106
4294967278,105
4294967278,104
4294967278,103
4294967278,102
4294967278,101
4294967278,100
4294967278,99
4294967278,98
4294967278,97
4294967278,96
4294967278,92
4294967278,91
4294967278,90
4294967278,89
4294967278,87
4294967278,86
4294967278,85
4294967278,84
4294967278,83
4294967278,82
4294967278,81
4294967278,80
4294967278,79
4294967278,77
4294967278,76
4294967278,75
4294967278,74
4294967278,73
4294967278,69
4294967278,67
4294967278,66
4294967278,65
4294967278,64
4294967278,0
4294967278,348
4294967279,83
4294967279,82
4294967279,81
4294967279,80
4294967279,75
4294967279,74
4294967279,68
4294967279,67
4294967279,63
4294967279,59
4294967279,58
4294967279,57
4294967279,534
4294967279,55
4294967279,53
4294967279,305
4294967279,50
4294967279,45
4294967279,532
4294967279,39
4294967279,38
4294967279,32
4294967279,30
4294967279,29
4294967279,27
4294967279,26
4294967279,25
4294967279,17
4294967279,16
4294967279,338
4294967279,14
4294967279,0
4294967279,174
4294967279,259
4294967279,10
4294967279,9
4294967279,8
4294967279,7
4294967279,6
4294967279,5
4294967279,4
4294967278,95
4294967278,328
4294967278,94
4294967278,327
4294967294,7
4294967294,189
4294967294,191
4294967294,188
4294967294,443
4294967278,93
4294967278,326
4294967294,30
4294967294,160
4294967294,164
4294967294,163
4294967294,115
4294967294,165
4294967294,113
4294967294,162
4294967294,176
4294967294,173
4294967294,166
4294967294,24
4294967294,175
4294967294,183
4294967294,75
4294967294,127
4294967294,14
4294967294,126
4294967294,12
4294967278,204
4294967278,203
4294967294,11
4294967294,68
4294967278,201
4294967278,200
4294967278,199
4294967279,199
4294967278,198
4294967279,198
4294967278,197
4294967279,197
4294967278,196
4294967278,195
4294967278,194
4294967278,193
4294967279,193
4294967278,192
4294967278,78
4294967278,321
4294967278,190
4294967278,189
4294967278,188
4294967279,188
4294967278,187
4294967278,186
4294967278,72
4294967278,362
4294967294,5
4294967294,81
4294967294,50
4294967294,89
4294967279,313
4294967278,71
4294967278,319
4294967279,71
4294967279,312
4294967278,70
4294967278,361
4294967278,182
4294967294,37
4294967294,1419
4294967294,396
4294967294,420
4294967294,385
4294967294,406
4294967294,147
4294967294,451
4294967294,184
4294967279,311
4294967278,68
4294967278,181
4294967278,360
4294967278,180
4294967278,179
4294967278,178
110,5
4294967279,178
110,4
4294967278,177
110,3
110,2
110,1
0,5
4294967294,40
4294967294,22
4294967294,17
4294967294,67
4294967294,6
4294967294,94
4294967294,93
4294967294,96
4294967294,95
4294967294,8
0,7
4294967294,46
4294967294,1
4294967294,436
4294967294,2
4294967294,0
4294967294,426
4294967294,44
4294967294,43
4294967294,53
4294967294,416
4294967294,150
4294967294,128
4294967294,29
4294967294,418
4294967294,28
4294967294,1016
4294967294,27
4294967294,26
4294967294,470
4294967294,25
4294967294,90
4294967294,86
4294967294,84
108,6
108,5
108,4
108,3
108,2
108,1
4294967279,340
107,5
107,4
107,3
107,2
107,1
106,5
106,4
106,3
106,2
106,1
105,5
105,4
105,3
105,2
105,1
103,4
103,3
103,2
103,1
4294967279,273
4294967278,402
4294967279,339
4294967293,131
4294967293,130
4294967293,129
4294967293,128
4294967293,127
4294967293,126
4294967293,125
4294967293,124
4294967293,123
4294967293,122
4294967293,121
4294967293,120
4294967293,119
4294967293,118
4294967293,117
4294967293,116
4294967293,115
4294967293,114
4294967293,113
4294967293,112
4294967293,111
